({'N': 0,
  'iss': 0.15716834911966804,
  'lr': 0.8156304946175557,
  'ridge': 4.290374941230941e-08,
  'seed': 0,
  'sr': 1.0385323042151453},
 <hyperopt.base.Trials at 0x29a931c40>)


t_span = (0, 2510)
t_eval=np.linspace(t_span[0], t_span[1], 25100)